m = 0.11; 
R = 0.015; 
d = 0.03; 
L =  1.0; 
J =  9.99e-6; 
 